       801
   -0.150000000000000E+01    0.100000000000000E-05   -0.183697019872103E-15
   -0.149995385190893E+01    0.100000000000000E-05   -0.117661439553499E-01
   -0.149981541047523E+01    0.100000000000000E-05   -0.235315639305891E-01
   -0.149958468421732E+01    0.100000000000000E-05   -0.352955359901552E-01
   -0.149926168733197E+01    0.100000000000000E-05   -0.470573362875747E-01
   -0.149884643969344E+01    0.100000000000000E-05   -0.588162411100065E-01
   -0.149833896685222E+01    0.100000000000000E-05   -0.705715269227698E-01
   -0.149773930003354E+01    0.100000000000000E-05   -0.823224704138641E-01
   -0.149704747613536E+01    0.100000000000000E-05   -0.940683485384756E-01
   -0.149626353772615E+01    0.100000000000000E-05   -0.105808438563467E+00
   -0.149538753304225E+01    0.100000000000000E-05   -0.117542018111845E+00
   -0.149441951598494E+01    0.100000000000000E-05   -0.129268365207214E+00
   -0.149335954611705E+01    0.100000000000000E-05   -0.140986758318196E+00
   -0.149220768865938E+01    0.100000000000000E-05   -0.152696476402826E+00
   -0.149096401448661E+01    0.100000000000000E-05   -0.164396798952923E+00
   -0.148962860012301E+01    0.100000000000000E-05   -0.176087006038421E+00
   -0.148820152773766E+01    0.100000000000000E-05   -0.187766378351662E+00
   -0.148668288513946E+01    0.100000000000000E-05   -0.199434197251664E+00
   -0.148507276577168E+01    0.100000000000000E-05   -0.211089744808336E+00
   -0.148337126870624E+01    0.100000000000000E-05   -0.222732303846650E+00
   -0.148157849863759E+01    0.100000000000000E-05   -0.234361157990773E+00
   -0.147969456587629E+01    0.100000000000000E-05   -0.245975591708145E+00
   -0.147771958634221E+01    0.100000000000000E-05   -0.257574890353505E+00
   -0.147565368155738E+01    0.100000000000000E-05   -0.269158340212868E+00
   -0.147349697863857E+01    0.100000000000000E-05   -0.280725228547433E+00
   -0.147124961028940E+01    0.100000000000000E-05   -0.292274843637447E+00
   -0.146891171479221E+01    0.100000000000000E-05   -0.303806474825990E+00
   -0.146648343599957E+01    0.100000000000000E-05   -0.315319412562707E+00
   -0.146396492332538E+01    0.100000000000000E-05   -0.326812948447466E+00
   -0.146135633173570E+01    0.100000000000000E-05   -0.338286375273945E+00
   -0.145865782173923E+01    0.100000000000000E-05   -0.349738987073151E+00
   -0.145586955937743E+01    0.100000000000000E-05   -0.361170079156854E+00
   -0.145299171621427E+01    0.100000000000000E-05   -0.372578948160947E+00
   -0.145002446932570E+01    0.100000000000000E-05   -0.383964892088731E+00
   -0.144696800128878E+01    0.100000000000000E-05   -0.395327210354101E+00
   -0.144382250017038E+01    0.100000000000000E-05   -0.406665203824662E+00
   -0.144058815951567E+01    0.100000000000000E-05   -0.417978174864738E+00
   -0.143726517833618E+01    0.100000000000000E-05   -0.429265427378307E+00
   -0.143385376109755E+01    0.100000000000000E-05   -0.440526266851825E+00
   -0.143035411770699E+01    0.100000000000000E-05   -0.451760000396965E+00
   -0.142676646350030E+01    0.100000000000000E-05   -0.462965936793249E+00
   -0.142309101922868E+01    0.100000000000000E-05   -0.474143386530578E+00
   -0.141932801104510E+01    0.100000000000000E-05   -0.485291661851663E+00
   -0.141547767049044E+01    0.100000000000000E-05   -0.496410076794335E+00
   -0.141154023447917E+01    0.100000000000000E-05   -0.507497947233761E+00
   -0.140751594528484E+01    0.100000000000000E-05   -0.518554590924535E+00
   -0.140340505052514E+01    0.100000000000000E-05   -0.529579327542656E+00
   -0.139920780314665E+01    0.100000000000000E-05   -0.540571478727393E+00
   -0.139492446140932E+01    0.100000000000000E-05   -0.551530368123019E+00
   -0.139055528887054E+01    0.100000000000000E-05   -0.562455321420434E+00
   -0.138610055436894E+01    0.100000000000000E-05   -0.573345666398651E+00
   -0.138156053200785E+01    0.100000000000000E-05   -0.584200732966161E+00
   -0.137693550113841E+01    0.100000000000000E-05   -0.595019853202163E+00
   -0.137222574634242E+01    0.100000000000000E-05   -0.605802361397662E+00
   -0.136743155741481E+01    0.100000000000000E-05   -0.616547594096433E+00
   -0.136255322934580E+01    0.100000000000000E-05   -0.627254890135837E+00
   -0.135759106230277E+01    0.100000000000000E-05   -0.637923590687512E+00
   -0.135254536161175E+01    0.100000000000000E-05   -0.648553039297905E+00
   -0.134741643773869E+01    0.100000000000000E-05   -0.659142581928665E+00
   -0.134220460627032E+01    0.100000000000000E-05   -0.669691566996889E+00
   -0.133691018789473E+01    0.100000000000000E-05   -0.680199345415211E+00
   -0.133153350838166E+01    0.100000000000000E-05   -0.690665270631746E+00
   -0.132607489856244E+01    0.100000000000000E-05   -0.701088698669866E+00
   -0.132053469430964E+01    0.100000000000000E-05   -0.711468988167828E+00
   -0.131491323651638E+01    0.100000000000000E-05   -0.721805500418240E+00
   -0.130921087107539E+01    0.100000000000000E-05   -0.732097599407358E+00
   -0.130342794885772E+01    0.100000000000000E-05   -0.742344651854217E+00
   -0.129756482569112E+01    0.100000000000000E-05   -0.752546027249606E+00
   -0.129162186233819E+01    0.100000000000000E-05   -0.762701097894857E+00
   -0.128559942447414E+01    0.100000000000000E-05   -0.772809238940470E+00
   -0.127949788266433E+01    0.100000000000000E-05   -0.782869828424560E+00
   -0.127331761234142E+01    0.100000000000000E-05   -0.792882247311129E+00
   -0.126705899378232E+01    0.100000000000000E-05   -0.802845879528149E+00
   -0.126072241208477E+01    0.100000000000000E-05   -0.812760112005480E+00
   -0.125430825714363E+01    0.100000000000000E-05   -0.822624334712583E+00
   -0.124781692362690E+01    0.100000000000000E-05   -0.832437940696061E+00
   -0.124124881095146E+01    0.100000000000000E-05   -0.842200326117004E+00
   -0.123460432325845E+01    0.100000000000000E-05   -0.851910890288143E+00
   -0.122788386938845E+01    0.100000000000000E-05   -0.861569035710812E+00
   -0.122108786285626E+01    0.100000000000000E-05   -0.871174168111712E+00
   -0.121421672182553E+01    0.100000000000000E-05   -0.880725696479475E+00
   -0.120727086908299E+01    0.100000000000000E-05   -0.890223033101034E+00
   -0.120025073201242E+01    0.100000000000000E-05   -0.899665593597783E+00
   -0.119315674256839E+01    0.100000000000000E-05   -0.909052796961531E+00
   -0.118598933724967E+01    0.100000000000000E-05   -0.918384065590257E+00
   -0.117874895707235E+01    0.100000000000000E-05   -0.927658825323650E+00
   -0.117143604754272E+01    0.100000000000000E-05   -0.936876505478433E+00
   -0.116405105862989E+01    0.100000000000000E-05   -0.946036538883482E+00
   -0.115659444473803E+01    0.100000000000000E-05   -0.955138361914722E+00
   -0.114906666467847E+01    0.100000000000000E-05   -0.964181414529809E+00
   -0.114146818164145E+01    0.100000000000000E-05   -0.973165140302589E+00
   -0.113379946316763E+01    0.100000000000000E-05   -0.982088986457335E+00
   -0.112606098111929E+01    0.100000000000000E-05   -0.990952403902761E+00
   -0.111825321165134E+01    0.100000000000000E-05   -0.999754847265805E+00
   -0.111037663518197E+01    0.100000000000000E-05   -0.100849577492519E+01
   -0.110243173636316E+01    0.100000000000000E-05   -0.101717464904475E+01
   -0.109441900405078E+01    0.100000000000000E-05   -0.102579093560652E+01
   -0.108633893127457E+01    0.100000000000000E-05   -0.103434410444359E+01
   -0.107819201520778E+01    0.100000000000000E-05   -0.104283362927275E+01
   -0.106997875713657E+01    0.100000000000000E-05   -0.105125898772685E+01
   -0.106169966242918E+01    0.100000000000000E-05   -0.105961966138693E+01
   -0.105335524050484E+01    0.100000000000000E-05   -0.106791513581417E+01
   -0.104494600480240E+01    0.100000000000000E-05   -0.107614490058147E+01
   -0.103647247274876E+01    0.100000000000000E-05   -0.108430844930493E+01
   -0.102793516572704E+01    0.100000000000000E-05   -0.109240527967496E+01
   -0.101933460904444E+01    0.100000000000000E-05   -0.110043489348721E+01
   -0.101067133190002E+01    0.100000000000000E-05   -0.110839679667321E+01
   -0.100194586735204E+01    0.100000000000000E-05   -0.111629049933079E+01
   -0.993158752285201E+00    0.100000000000000E-05   -0.112411551575419E+01
   -0.984310527377628E+00    0.100000000000000E-05   -0.113187136446399E+01
   -0.975401737067572E+00    0.100000000000000E-05   -0.113955756823671E+01
   -0.966432929519919E+00    0.100000000000000E-05   -0.114717365413417E+01
   -0.957404656592469E+00    0.100000000000000E-05   -0.115471915353261E+01
   -0.948317473801967E+00    0.100000000000000E-05   -0.116219360215149E+01
   -0.939171940289934E+00    0.100000000000000E-05   -0.116959654008211E+01
   -0.929968618788254E+00    0.100000000000000E-05   -0.117692751181586E+01
   -0.920708075584551E+00    0.100000000000000E-05   -0.118418606627227E+01
   -0.911390880487348E+00    0.100000000000000E-05   -0.119137175682677E+01
   -0.902017606791002E+00    0.100000000000000E-05   -0.119848414133815E+01
   -0.892588831240430E+00    0.100000000000000E-05   -0.120552278217578E+01
   -0.883105133995624E+00    0.100000000000000E-05   -0.121248724624656E+01
   -0.873567098595947E+00    0.100000000000000E-05   -0.121937710502152E+01
   -0.863975311924235E+00    0.100000000000000E-05   -0.122619193456221E+01
   -0.854330364170683E+00    0.100000000000000E-05   -0.123293131554681E+01
   -0.844632848796525E+00    0.100000000000000E-05   -0.123959483329589E+01
   -0.834883362497527E+00    0.100000000000000E-05   -0.124618207779795E+01
   -0.825082505167262E+00    0.100000000000000E-05   -0.125269264373465E+01
   -0.815230879860207E+00    0.100000000000000E-05   -0.125912613050574E+01
   -0.805329092754631E+00    0.100000000000000E-05   -0.126548214225370E+01
   -0.795377753115298E+00    0.100000000000000E-05   -0.127176028788811E+01
   -0.785377473255980E+00    0.100000000000000E-05   -0.127796018110975E+01
   -0.775328868501775E+00    0.100000000000000E-05   -0.128408144043427E+01
   -0.765232557151256E+00    0.100000000000000E-05   -0.129012368921579E+01
   -0.755089160438415E+00    0.100000000000000E-05   -0.129608655566996E+01
   -0.744899302494447E+00    0.100000000000000E-05   -0.130196967289691E+01
   -0.734663610309342E+00    0.100000000000000E-05   -0.130777267890381E+01
   -0.724382713693307E+00    0.100000000000000E-05   -0.131349521662712E+01
   -0.714057245238012E+00    0.100000000000000E-05   -0.131913693395458E+01
   -0.703687840277669E+00    0.100000000000000E-05   -0.132469748374689E+01
   -0.693275136849938E+00    0.100000000000000E-05   -0.133017652385903E+01
   -0.682819775656666E+00    0.100000000000000E-05   -0.133557371716135E+01
   -0.672322400024468E+00    0.100000000000000E-05   -0.134088873156028E+01
   -0.661783655865139E+00    0.100000000000000E-05   -0.134612124001881E+01
   -0.651204191635914E+00    0.100000000000000E-05   -0.135127092057656E+01
   -0.640584658299564E+00    0.100000000000000E-05   -0.135633745636963E+01
   -0.629925709284343E+00    0.100000000000000E-05   -0.136132053565008E+01
   -0.619228000443787E+00    0.100000000000000E-05   -0.136621985180511E+01
   -0.608492190016349E+00    0.100000000000000E-05   -0.137103510337595E+01
   -0.597718938584908E+00    0.100000000000000E-05   -0.137576599407637E+01
   -0.586908909036113E+00    0.100000000000000E-05   -0.138041223281092E+01
   -0.576062766519602E+00    0.100000000000000E-05   -0.138497353369289E+01
   -0.565181178407073E+00    0.100000000000000E-05   -0.138944961606184E+01
   -0.554264814251217E+00    0.100000000000000E-05   -0.139384020450088E+01
   -0.543314345744524E+00    0.100000000000000E-05   -0.139814502885366E+01
   -0.532330446677951E+00    0.100000000000000E-05   -0.140236382424093E+01
   -0.521313792899465E+00    0.100000000000000E-05   -0.140649633107690E+01
   -0.510265062272455E+00    0.100000000000000E-05   -0.141054229508515E+01
   -0.499184934634024E+00    0.100000000000000E-05   -0.141450146731434E+01
   -0.488074091753156E+00    0.100000000000000E-05   -0.141837360415348E+01
   -0.476933217288773E+00    0.100000000000000E-05   -0.142215846734693E+01
   -0.465762996747658E+00    0.100000000000000E-05   -0.142585582400909E+01
   -0.454564117442286E+00    0.100000000000000E-05   -0.142946544663868E+01
   -0.443337268448526E+00    0.100000000000000E-05   -0.143298711313277E+01
   -0.432083140563244E+00    0.100000000000000E-05   -0.143642060680046E+01
   -0.420802426261799E+00    0.100000000000000E-05   -0.143976571637617E+01
   -0.409495819655432E+00    0.100000000000000E-05   -0.144302223603267E+01
   -0.398164016448557E+00    0.100000000000000E-05   -0.144618996539374E+01
   -0.386807713895958E+00    0.100000000000000E-05   -0.144926870954650E+01
   -0.375427610759880E+00    0.100000000000000E-05   -0.145225827905339E+01
   -0.364024407267037E+00    0.100000000000000E-05   -0.145515848996385E+01
   -0.352598805065528E+00    0.100000000000000E-05   -0.145796916382561E+01
   -0.341151507181659E+00    0.100000000000000E-05   -0.146069012769570E+01
   -0.329683217976693E+00    0.100000000000000E-05   -0.146332121415106E+01
   -0.318194643103501E+00    0.100000000000000E-05   -0.146586226129887E+01
   -0.306686489463150E+00    0.100000000000000E-05   -0.146831311278650E+01
   -0.295159465161403E+00    0.100000000000000E-05   -0.147067361781112E+01
   -0.283614279465149E+00    0.100000000000000E-05   -0.147294363112899E+01
   -0.272051642758764E+00    0.100000000000000E-05   -0.147512301306442E+01
   -0.260472266500395E+00    0.100000000000000E-05   -0.147721162951831E+01
   -0.248876863178191E+00    0.100000000000000E-05   -0.147920935197645E+01
   -0.237266146266456E+00    0.100000000000000E-05   -0.148111605751739E+01
   -0.225640830181752E+00    0.100000000000000E-05   -0.148293162882005E+01
   -0.214001630238939E+00    0.100000000000000E-05   -0.148465595417089E+01
   -0.202349262607162E+00    0.100000000000000E-05   -0.148628892747081E+01
   -0.190684444265786E+00    0.100000000000000E-05   -0.148783044824168E+01
   -0.179007892960277E+00    0.100000000000000E-05   -0.148928042163252E+01
   -0.167320327158037E+00    0.100000000000000E-05   -0.149063875842530E+01
   -0.155622466004202E+00    0.100000000000000E-05   -0.149190537504051E+01
   -0.143915029277387E+00    0.100000000000000E-05   -0.149308019354223E+01
   -0.132198737345403E+00    0.100000000000000E-05   -0.149416314164293E+01
   -0.120474311120923E+00    0.100000000000000E-05   -0.149515415270799E+01
   -0.108742472017134E+00    0.100000000000000E-05   -0.149605316575969E+01
   -0.970039419033424E-01    0.100000000000000E-05   -0.149686012548107E+01
   -0.852594430605566E-01    0.100000000000000E-05   -0.149757498221926E+01
   -0.735096981370460E-01    0.100000000000000E-05   -0.149819769198854E+01
   -0.617554301038764E-01    0.100000000000000E-05   -0.149872821647312E+01
   -0.499973622104231E-01    0.100000000000000E-05   -0.149916652302938E+01
   -0.382362179398700E-01    0.100000000000000E-05   -0.149951258468799E+01
   -0.264727209646925E-01    0.100000000000000E-05   -0.149976638015550E+01
   -0.147075951021316E-01    0.100000000000000E-05   -0.149992789381567E+01
   -0.294156426965299E-02    0.100000000000000E-05   -0.149999711573044E+01
    0.882464755959338E-02    0.100000000000000E-05   -0.149997404164054E+01
    0.205903164013211E-01    0.100000000000000E-05   -0.149985867296572E+01
    0.323547183046530E-01    0.100000000000000E-05   -0.149965101680472E+01
    0.441171293966689E-01    0.100000000000000E-05   -0.149935108593478E+01
    0.558768259269443E-01    0.100000000000000E-05   -0.149895889881088E+01
    0.676330843120843E-01    0.100000000000000E-05   -0.149847447956461E+01
    0.793851811802446E-01    0.100000000000000E-05   -0.149789785800267E+01
    0.911323934156438E-01    0.100000000000000E-05   -0.149722906960503E+01
    0.102873998203055E+00    0.100000000000000E-05   -0.149646815552277E+01
    0.114609273072281E+00    0.100000000000000E-05   -0.149561516257553E+01
    0.126337495942611E+00    0.100000000000000E-05   -0.149467014324865E+01
    0.138057945167250E+00    0.100000000000000E-05   -0.149363315568991E+01
    0.149769899577719E+00    0.100000000000000E-05   -0.149250426370596E+01
    0.161472638528234E+00    0.100000000000000E-05   -0.149128353675843E+01
    0.173165441940043E+00    0.100000000000000E-05   -0.148997104995960E+01
    0.184847590345738E+00    0.100000000000000E-05   -0.148856688406782E+01
    0.196518364933521E+00    0.100000000000000E-05   -0.148707112548252E+01
    0.208177047591433E+00    0.100000000000000E-05   -0.148548386623891E+01
    0.219822920951543E+00    0.100000000000000E-05   -0.148380520400231E+01
    0.231455268434085E+00    0.100000000000000E-05   -0.148203524206211E+01
    0.243073374291550E+00    0.100000000000000E-05   -0.148017408932548E+01
    0.254676523652728E+00    0.100000000000000E-05   -0.147822186031061E+01
    0.266264002566696E+00    0.100000000000000E-05   -0.147617867513969E+01
    0.277835098046743E+00    0.100000000000000E-05   -0.147404465953151E+01
    0.289389098114245E+00    0.100000000000000E-05   -0.147181994479373E+01
    0.300925291842473E+00    0.100000000000000E-05   -0.146950466781481E+01
    0.312442969400335E+00    0.100000000000000E-05   -0.146709897105557E+01
    0.323941422096054E+00    0.100000000000000E-05   -0.146460300254041E+01
    0.335419942420773E+00    0.100000000000000E-05   -0.146201691584826E+01
    0.346877824092090E+00    0.100000000000000E-05   -0.145934087010305E+01
    0.358314362097517E+00    0.100000000000000E-05   -0.145657502996401E+01
    0.369728852737856E+00    0.100000000000000E-05   -0.145371956561544E+01
    0.381120593670504E+00    0.100000000000000E-05   -0.145077465275633E+01
    0.392488883952661E+00    0.100000000000000E-05   -0.144774047258947E+01
    0.403833024084469E+00    0.100000000000000E-05   -0.144461721181038E+01
    0.415152316052044E+00    0.100000000000000E-05   -0.144140506259574E+01
    0.426446063370431E+00    0.100000000000000E-05   -0.143810422259163E+01
    0.437713571126456E+00    0.100000000000000E-05   -0.143471489490133E+01
    0.448954146021489E+00    0.100000000000000E-05   -0.143123728807285E+01
    0.460167096414096E+00    0.100000000000000E-05   -0.142767161608607E+01
    0.471351732362603E+00    0.100000000000000E-05   -0.142401809833961E+01
    0.482507365667546E+00    0.100000000000000E-05   -0.142027695963730E+01
    0.493633309914015E+00    0.100000000000000E-05   -0.141644843017433E+01
    0.504728880513893E+00    0.100000000000000E-05   -0.141253274552316E+01
    0.515793394747976E+00    0.100000000000000E-05   -0.140853014661894E+01
    0.526826171807984E+00    0.100000000000000E-05   -0.140444087974473E+01
    0.537826532838449E+00    0.100000000000000E-05   -0.140026519651635E+01
    0.548793800978488E+00    0.100000000000000E-05   -0.139600335386688E+01
    0.559727301403448E+00    0.100000000000000E-05   -0.139165561403086E+01
    0.570626361366431E+00    0.100000000000000E-05   -0.138722224452815E+01
    0.581490310239690E+00    0.100000000000000E-05   -0.138270351814745E+01
    0.592318479555887E+00    0.100000000000000E-05   -0.137809971292958E+01
    0.603110203049231E+00    0.100000000000000E-05   -0.137341111215030E+01
    0.613864816696470E+00    0.100000000000000E-05   -0.136863800430289E+01
    0.624581658757752E+00    0.100000000000000E-05   -0.136378068308046E+01
    0.635260069817337E+00    0.100000000000000E-05   -0.135883944735781E+01
    0.645899392824179E+00    0.100000000000000E-05   -0.135381460117305E+01
    0.656498973132346E+00    0.100000000000000E-05   -0.134870645370895E+01
    0.667058158541310E+00    0.100000000000000E-05   -0.134351531927384E+01
    0.677576299336071E+00    0.100000000000000E-05   -0.133824151728230E+01
    0.688052748327136E+00    0.100000000000000E-05   -0.133288537223554E+01
    0.698486860890342E+00    0.100000000000000E-05   -0.132744721370138E+01
    0.708877995006521E+00    0.100000000000000E-05   -0.132192737629400E+01
    0.719225511301000E+00    0.100000000000000E-05   -0.131632619965334E+01
    0.729528773082947E+00    0.100000000000000E-05   -0.131064402842423E+01
    0.739787146384545E+00    0.100000000000000E-05   -0.130488121223513E+01
    0.750000000000000E+00    0.100000000000000E-05   -0.129903810567666E+01
    0.760166705524380E+00    0.100000000000000E-05   -0.129311506827978E+01
    0.770286637392283E+00    0.100000000000000E-05   -0.128711246449364E+01
    0.780359172916323E+00    0.100000000000000E-05   -0.128103066366319E+01
    0.790383692325454E+00    0.100000000000000E-05   -0.127487004000642E+01
    0.800359578803095E+00    0.100000000000000E-05   -0.126863097259137E+01
    0.810286218525088E+00    0.100000000000000E-05   -0.126231384531277E+01
    0.820163000697470E+00    0.100000000000000E-05   -0.125591904686844E+01
    0.829989317594048E+00    0.100000000000000E-05   -0.124944697073536E+01
    0.839764564593800E+00    0.100000000000000E-05   -0.124289801514548E+01
    0.849488140218075E+00    0.100000000000000E-05   -0.123627258306121E+01
    0.859159446167600E+00    0.100000000000000E-05   -0.122957108215059E+01
    0.868777887359300E+00    0.100000000000000E-05   -0.122279392476227E+01
    0.878342871962907E+00    0.100000000000000E-05   -0.121594152790007E+01
    0.887853811437381E+00    0.100000000000000E-05   -0.120901431319737E+01
    0.897310120567119E+00    0.100000000000000E-05   -0.120201270689116E+01
    0.906711217497969E+00    0.100000000000000E-05   -0.119493713979579E+01
    0.916056523773027E+00    0.100000000000000E-05   -0.118778804727648E+01
    0.925345464368234E+00    0.100000000000000E-05   -0.118056586922253E+01
    0.934577467727754E+00    0.100000000000000E-05   -0.117327105002023E+01
    0.943751965799144E+00    0.100000000000000E-05   -0.116590403852558E+01
    0.952868394068308E+00    0.100000000000000E-05   -0.115846528803658E+01
    0.961926191594229E+00    0.100000000000000E-05   -0.115095525626543E+01
    0.970924801043489E+00    0.100000000000000E-05   -0.114337440531029E+01
    0.979863668724554E+00    0.100000000000000E-05   -0.113572320162690E+01
    0.988742244621853E+00    0.100000000000000E-05   -0.112800211599985E+01
    0.997559982429612E+00    0.100000000000000E-05   -0.112021162351363E+01
    0.100631633958548E+01    0.100000000000000E-05   -0.111235220352337E+01
    0.101501077730389E+01    0.100000000000000E-05   -0.110442433962538E+01
    0.102364276060924E+01    0.100000000000000E-05   -0.109642851962738E+01
    0.103221175836880E+01    0.100000000000000E-05   -0.108836523551847E+01
    0.104071724332539E+01    0.100000000000000E-05   -0.108023498343888E+01
    0.104915869212980E+01    0.100000000000000E-05   -0.107203826364943E+01
    0.105753558537304E+01    0.100000000000000E-05   -0.106377558050074E+01
    0.106584740761828E+01    0.100000000000000E-05   -0.105544744240223E+01
    0.107409364743252E+01    0.100000000000000E-05   -0.104705436179078E+01
    0.108227379741815E+01    0.100000000000000E-05   -0.103859685509927E+01
    0.109038735424409E+01    0.100000000000000E-05   -0.103007544272475E+01
    0.109843381867678E+01    0.100000000000000E-05   -0.102149064899643E+01
    0.110641269561093E+01    0.100000000000000E-05   -0.101284300214345E+01
    0.111432349409996E+01    0.100000000000000E-05   -0.100413303426232E+01
    0.112216572738620E+01    0.100000000000000E-05   -0.995361281284234E+00
    0.112993891293086E+01    0.100000000000000E-05   -0.986528282942069E+00
    0.113764257244370E+01    0.100000000000000E-05   -0.977634582737173E+00
    0.114527623191248E+01    0.100000000000000E-05   -0.968680727905927E+00
    0.115283942163212E+01    0.100000000000000E-05   -0.959667269386076E+00
    0.116033167623359E+01    0.100000000000000E-05   -0.950594761782826E+00
    0.116775253471257E+01    0.100000000000000E-05   -0.941463763334720E+00
    0.117510154045778E+01    0.100000000000000E-05   -0.932274835879289E+00
    0.118237824127911E+01    0.100000000000000E-05   -0.923028544818481E+00
    0.118958218943542E+01    0.100000000000000E-05   -0.913725459083871E+00
    0.119671294166211E+01    0.100000000000000E-05   -0.904366151101658E+00
    0.120377005919836E+01    0.100000000000000E-05   -0.894951196757436E+00
    0.121075310781419E+01    0.100000000000000E-05   -0.885481175360767E+00
    0.121766165783709E+01    0.100000000000000E-05   -0.875956669609531E+00
    0.122449528417855E+01    0.100000000000000E-05   -0.866378265554072E+00
    0.123125356636015E+01    0.100000000000000E-05   -0.856746552561142E+00
    0.123793608853947E+01    0.100000000000000E-05   -0.847062123277630E+00
    0.124454243953563E+01    0.100000000000000E-05   -0.837325573594104E+00
    0.125107221285467E+01    0.100000000000000E-05   -0.827537502608139E+00
    0.125752500671448E+01    0.100000000000000E-05   -0.817698512587456E+00
    0.126390042406958E+01    0.100000000000000E-05   -0.807809208932866E+00
    0.127019807263550E+01    0.100000000000000E-05   -0.797870200141016E+00
    0.127641756491297E+01    0.100000000000000E-05   -0.787882097766950E+00
    0.128255851821172E+01    0.100000000000000E-05   -0.777845516386478E+00
    0.128862055467407E+01    0.100000000000000E-05   -0.767761073558364E+00
    0.129460330129813E+01    0.100000000000000E-05   -0.757629389786321E+00
    0.130050638996078E+01    0.100000000000000E-05   -0.747451088480837E+00
    0.130632945744032E+01    0.100000000000000E-05   -0.737226795920813E+00
    0.131207214543884E+01    0.100000000000000E-05   -0.726957141215028E+00
    0.131773410060420E+01    0.100000000000000E-05   -0.716642756263430E+00
    0.132331497455184E+01    0.100000000000000E-05   -0.706284275718251E+00
    0.132881442388620E+01    0.100000000000000E-05   -0.695882336944966E+00
    0.133423211022182E+01    0.100000000000000E-05   -0.685437579983065E+00
    0.133956770020418E+01    0.100000000000000E-05   -0.674950647506673E+00
    0.134482086553024E+01    0.100000000000000E-05   -0.664422184785012E+00
    0.134999128296859E+01    0.100000000000000E-05   -0.653852839642690E+00
    0.135507863437938E+01    0.100000000000000E-05   -0.643243262419844E+00
    0.136008260673385E+01    0.100000000000000E-05   -0.632594105932121E+00
    0.136500289213365E+01    0.100000000000000E-05   -0.621906025430514E+00
    0.136983918782973E+01    0.100000000000000E-05   -0.611179678561037E+00
    0.137459119624103E+01    0.100000000000000E-05   -0.600415725324268E+00
    0.137925862497270E+01    0.100000000000000E-05   -0.589614828034732E+00
    0.138384118683418E+01    0.100000000000000E-05   -0.578777651280153E+00
    0.138833859985683E+01    0.100000000000000E-05   -0.567904861880555E+00
    0.139275058731129E+01    0.100000000000000E-05   -0.556997128847241E+00
    0.139707687772448E+01    0.100000000000000E-05   -0.546055123341618E+00
    0.140131720489634E+01    0.100000000000000E-05   -0.535079518633911E+00
    0.140547130791622E+01    0.100000000000000E-05   -0.524070990061726E+00
    0.140953893117886E+01    0.100000000000000E-05   -0.513030214988502E+00
    0.141351982440022E+01    0.100000000000000E-05   -0.501957872761833E+00
    0.141741374263278E+01    0.100000000000000E-05   -0.490854644671658E+00
    0.142122044628069E+01    0.100000000000000E-05   -0.479721213908355E+00
    0.142493970111449E+01    0.100000000000000E-05   -0.468558265520691E+00
    0.142857127828547E+01    0.100000000000000E-05   -0.457366486373680E+00
    0.143211495433985E+01    0.100000000000000E-05   -0.446146565106311E+00
    0.143557051123244E+01    0.100000000000000E-05   -0.434899192089183E+00
    0.143893773634010E+01    0.100000000000000E-05   -0.423625059382023E+00
    0.144221642247482E+01    0.100000000000000E-05   -0.412324860691100E+00
    0.144540636789645E+01    0.100000000000000E-05   -0.400999291326545E+00
    0.144850737632514E+01    0.100000000000000E-05   -0.389649048159568E+00
    0.145151925695340E+01    0.100000000000000E-05   -0.378274829579575E+00
    0.145444182445783E+01    0.100000000000000E-05   -0.366877335451199E+00
    0.145727489901056E+01    0.100000000000000E-05   -0.355457267071239E+00
    0.146001830629028E+01    0.100000000000000E-05   -0.344015327125498E+00
    0.146267187749297E+01    0.100000000000000E-05   -0.332552219645562E+00
    0.146523544934231E+01    0.100000000000000E-05   -0.321068649965466E+00
    0.146770886409969E+01    0.100000000000000E-05   -0.309565324678304E+00
    0.147009196957397E+01    0.100000000000000E-05   -0.298042951592747E+00
    0.147238461913078E+01    0.100000000000000E-05   -0.286502239689489E+00
    0.147458667170160E+01    0.100000000000000E-05   -0.274943899077632E+00
    0.147669799179238E+01    0.100000000000000E-05   -0.263368640950981E+00
    0.147871844949193E+01    0.100000000000000E-05   -0.251777177544292E+00
    0.148064792047992E+01    0.100000000000000E-05   -0.240170222089442E+00
    0.148248628603446E+01    0.100000000000000E-05   -0.228548488771551E+00
    0.148423343303947E+01    0.100000000000000E-05   -0.216912692685025E+00
    0.148588925399162E+01    0.100000000000000E-05   -0.205263549789570E+00
    0.148745364700695E+01    0.100000000000000E-05   -0.193601776866128E+00
    0.148892651582712E+01    0.100000000000000E-05   -0.181928091472777E+00
    0.149030776982534E+01    0.100000000000000E-05   -0.170243211900582E+00
    0.149159732401197E+01    0.100000000000000E-05   -0.158547857129389E+00
    0.149279509903973E+01    0.100000000000000E-05   -0.146842746783596E+00
    0.149390102120858E+01    0.100000000000000E-05   -0.135128601087867E+00
    0.149491502247025E+01    0.100000000000000E-05   -0.123406140822817E+00
    0.149583704043244E+01    0.100000000000000E-05   -0.111676087280666E+00
    0.149666701836267E+01    0.100000000000000E-05   -0.999391622208541E-01
    0.149740490519173E+01    0.100000000000000E-05   -0.881960878256273E-01
    0.149805065551687E+01    0.100000000000000E-05   -0.764475866556106E-01
    0.149860422960457E+01    0.100000000000000E-05   -0.646943816053373E-01
    0.149906559339297E+01    0.100000000000000E-05   -0.529371958587782E-01
    0.149943471849399E+01    0.100000000000000E-05   -0.411767528448394E-01
    0.149971158219508E+01    0.100000000000000E-05   -0.294137761928454E-01
    0.149989616746060E+01    0.100000000000000E-05   -0.176489896880226E-01
    0.149998846293286E+01    0.100000000000000E-05   -0.588311722695380E-02
    0.149998846293286E+01    0.100000000000000E-05    0.588311722695380E-02
    0.149989616746060E+01    0.100000000000000E-05    0.176489896880219E-01
    0.149971158219508E+01    0.100000000000000E-05    0.294137761928454E-01
    0.149943471849399E+01    0.100000000000000E-05    0.411767528448394E-01
    0.149906559339297E+01    0.100000000000000E-05    0.529371958587782E-01
    0.149860422960457E+01    0.100000000000000E-05    0.646943816053373E-01
    0.149805065551687E+01    0.100000000000000E-05    0.764475866556106E-01
    0.149740490519173E+01    0.100000000000000E-05    0.881960878256273E-01
    0.149666701836267E+01    0.100000000000000E-05    0.999391622208541E-01
    0.149583704043244E+01    0.100000000000000E-05    0.111676087280666E+00
    0.149491502247025E+01    0.100000000000000E-05    0.123406140822817E+00
    0.149390102120858E+01    0.100000000000000E-05    0.135128601087867E+00
    0.149279509903973E+01    0.100000000000000E-05    0.146842746783596E+00
    0.149159732401197E+01    0.100000000000000E-05    0.158547857129389E+00
    0.149030776982534E+01    0.100000000000000E-05    0.170243211900582E+00
    0.148892651582711E+01    0.100000000000000E-05    0.181928091472778E+00
    0.148745364700695E+01    0.100000000000000E-05    0.193601776866128E+00
    0.148588925399162E+01    0.100000000000000E-05    0.205263549789570E+00
    0.148423343303947E+01    0.100000000000000E-05    0.216912692685025E+00
    0.148248628603446E+01    0.100000000000000E-05    0.228548488771551E+00
    0.148064792047992E+01    0.100000000000000E-05    0.240170222089442E+00
    0.147871844949193E+01    0.100000000000000E-05    0.251777177544292E+00
    0.147669799179238E+01    0.100000000000000E-05    0.263368640950981E+00
    0.147458667170160E+01    0.100000000000000E-05    0.274943899077632E+00
    0.147238461913078E+01    0.100000000000000E-05    0.286502239689489E+00
    0.147009196957397E+01    0.100000000000000E-05    0.298042951592747E+00
    0.146770886409969E+01    0.100000000000000E-05    0.309565324678304E+00
    0.146523544934231E+01    0.100000000000000E-05    0.321068649965466E+00
    0.146267187749297E+01    0.100000000000000E-05    0.332552219645562E+00
    0.146001830629028E+01    0.100000000000000E-05    0.344015327125498E+00
    0.145727489901056E+01    0.100000000000000E-05    0.355457267071239E+00
    0.145444182445783E+01    0.100000000000000E-05    0.366877335451199E+00
    0.145151925695340E+01    0.100000000000000E-05    0.378274829579575E+00
    0.144850737632514E+01    0.100000000000000E-05    0.389649048159567E+00
    0.144540636789645E+01    0.100000000000000E-05    0.400999291326545E+00
    0.144221642247482E+01    0.100000000000000E-05    0.412324860691100E+00
    0.143893773634010E+01    0.100000000000000E-05    0.423625059382023E+00
    0.143557051123244E+01    0.100000000000000E-05    0.434899192089184E+00
    0.143211495433985E+01    0.100000000000000E-05    0.446146565106311E+00
    0.142857127828547E+01    0.100000000000000E-05    0.457366486373680E+00
    0.142493970111449E+01    0.100000000000000E-05    0.468558265520691E+00
    0.142122044628069E+01    0.100000000000000E-05    0.479721213908355E+00
    0.141741374263278E+01    0.100000000000000E-05    0.490854644671658E+00
    0.141351982440022E+01    0.100000000000000E-05    0.501957872761833E+00
    0.140953893117886E+01    0.100000000000000E-05    0.513030214988502E+00
    0.140547130791622E+01    0.100000000000000E-05    0.524070990061726E+00
    0.140131720489634E+01    0.100000000000000E-05    0.535079518633911E+00
    0.139707687772448E+01    0.100000000000000E-05    0.546055123341618E+00
    0.139275058731129E+01    0.100000000000000E-05    0.556997128847241E+00
    0.138833859985683E+01    0.100000000000000E-05    0.567904861880555E+00
    0.138384118683418E+01    0.100000000000000E-05    0.578777651280153E+00
    0.137925862497270E+01    0.100000000000000E-05    0.589614828034732E+00
    0.137459119624103E+01    0.100000000000000E-05    0.600415725324268E+00
    0.136983918782973E+01    0.100000000000000E-05    0.611179678561037E+00
    0.136500289213365E+01    0.100000000000000E-05    0.621906025430514E+00
    0.136008260673385E+01    0.100000000000000E-05    0.632594105932121E+00
    0.135507863437938E+01    0.100000000000000E-05    0.643243262419844E+00
    0.134999128296859E+01    0.100000000000000E-05    0.653852839642690E+00
    0.134482086553024E+01    0.100000000000000E-05    0.664422184785012E+00
    0.133956770020418E+01    0.100000000000000E-05    0.674950647506673E+00
    0.133423211022182E+01    0.100000000000000E-05    0.685437579983065E+00
    0.132881442388620E+01    0.100000000000000E-05    0.695882336944966E+00
    0.132331497455184E+01    0.100000000000000E-05    0.706284275718251E+00
    0.131773410060420E+01    0.100000000000000E-05    0.716642756263430E+00
    0.131207214543884E+01    0.100000000000000E-05    0.726957141215028E+00
    0.130632945744032E+01    0.100000000000000E-05    0.737226795920813E+00
    0.130050638996078E+01    0.100000000000000E-05    0.747451088480837E+00
    0.129460330129813E+01    0.100000000000000E-05    0.757629389786321E+00
    0.128862055467407E+01    0.100000000000000E-05    0.767761073558364E+00
    0.128255851821172E+01    0.100000000000000E-05    0.777845516386478E+00
    0.127641756491297E+01    0.100000000000000E-05    0.787882097766950E+00
    0.127019807263550E+01    0.100000000000000E-05    0.797870200141016E+00
    0.126390042406958E+01    0.100000000000000E-05    0.807809208932866E+00
    0.125752500671448E+01    0.100000000000000E-05    0.817698512587456E+00
    0.125107221285467E+01    0.100000000000000E-05    0.827537502608139E+00
    0.124454243953563E+01    0.100000000000000E-05    0.837325573594104E+00
    0.123793608853947E+01    0.100000000000000E-05    0.847062123277630E+00
    0.123125356636015E+01    0.100000000000000E-05    0.856746552561141E+00
    0.122449528417855E+01    0.100000000000000E-05    0.866378265554072E+00
    0.121766165783709E+01    0.100000000000000E-05    0.875956669609530E+00
    0.121075310781419E+01    0.100000000000000E-05    0.885481175360767E+00
    0.120377005919836E+01    0.100000000000000E-05    0.894951196757436E+00
    0.119671294166211E+01    0.100000000000000E-05    0.904366151101657E+00
    0.118958218943542E+01    0.100000000000000E-05    0.913725459083871E+00
    0.118237824127911E+01    0.100000000000000E-05    0.923028544818481E+00
    0.117510154045778E+01    0.100000000000000E-05    0.932274835879289E+00
    0.116775253471257E+01    0.100000000000000E-05    0.941463763334720E+00
    0.116033167623359E+01    0.100000000000000E-05    0.950594761782826E+00
    0.115283942163212E+01    0.100000000000000E-05    0.959667269386075E+00
    0.114527623191248E+01    0.100000000000000E-05    0.968680727905927E+00
    0.113764257244370E+01    0.100000000000000E-05    0.977634582737173E+00
    0.112993891293086E+01    0.100000000000000E-05    0.986528282942069E+00
    0.112216572738620E+01    0.100000000000000E-05    0.995361281284235E+00
    0.111432349409996E+01    0.100000000000000E-05    0.100413303426232E+01
    0.110641269561093E+01    0.100000000000000E-05    0.101284300214345E+01
    0.109843381867678E+01    0.100000000000000E-05    0.102149064899643E+01
    0.109038735424409E+01    0.100000000000000E-05    0.103007544272475E+01
    0.108227379741815E+01    0.100000000000000E-05    0.103859685509927E+01
    0.107409364743252E+01    0.100000000000000E-05    0.104705436179078E+01
    0.106584740761828E+01    0.100000000000000E-05    0.105544744240223E+01
    0.105753558537304E+01    0.100000000000000E-05    0.106377558050074E+01
    0.104915869212980E+01    0.100000000000000E-05    0.107203826364943E+01
    0.104071724332539E+01    0.100000000000000E-05    0.108023498343888E+01
    0.103221175836880E+01    0.100000000000000E-05    0.108836523551847E+01
    0.102364276060924E+01    0.100000000000000E-05    0.109642851962738E+01
    0.101501077730389E+01    0.100000000000000E-05    0.110442433962538E+01
    0.100631633958548E+01    0.100000000000000E-05    0.111235220352337E+01
    0.997559982429612E+00    0.100000000000000E-05    0.112021162351363E+01
    0.988742244621853E+00    0.100000000000000E-05    0.112800211599985E+01
    0.979863668724554E+00    0.100000000000000E-05    0.113572320162690E+01
    0.970924801043489E+00    0.100000000000000E-05    0.114337440531029E+01
    0.961926191594230E+00    0.100000000000000E-05    0.115095525626543E+01
    0.952868394068307E+00    0.100000000000000E-05    0.115846528803658E+01
    0.943751965799143E+00    0.100000000000000E-05    0.116590403852558E+01
    0.934577467727753E+00    0.100000000000000E-05    0.117327105002023E+01
    0.925345464368234E+00    0.100000000000000E-05    0.118056586922253E+01
    0.916056523773027E+00    0.100000000000000E-05    0.118778804727648E+01
    0.906711217497969E+00    0.100000000000000E-05    0.119493713979579E+01
    0.897310120567119E+00    0.100000000000000E-05    0.120201270689116E+01
    0.887853811437381E+00    0.100000000000000E-05    0.120901431319737E+01
    0.878342871962907E+00    0.100000000000000E-05    0.121594152790007E+01
    0.868777887359300E+00    0.100000000000000E-05    0.122279392476227E+01
    0.859159446167601E+00    0.100000000000000E-05    0.122957108215059E+01
    0.849488140218074E+00    0.100000000000000E-05    0.123627258306121E+01
    0.839764564593800E+00    0.100000000000000E-05    0.124289801514548E+01
    0.829989317594047E+00    0.100000000000000E-05    0.124944697073536E+01
    0.820163000697469E+00    0.100000000000000E-05    0.125591904686844E+01
    0.810286218525088E+00    0.100000000000000E-05    0.126231384531277E+01
    0.800359578803094E+00    0.100000000000000E-05    0.126863097259137E+01
    0.790383692325454E+00    0.100000000000000E-05    0.127487004000642E+01
    0.780359172916323E+00    0.100000000000000E-05    0.128103066366319E+01
    0.770286637392283E+00    0.100000000000000E-05    0.128711246449364E+01
    0.760166705524381E+00    0.100000000000000E-05    0.129311506827978E+01
    0.750000000000000E+00    0.100000000000000E-05    0.129903810567666E+01
    0.739787146384544E+00    0.100000000000000E-05    0.130488121223513E+01
    0.729528773082948E+00    0.100000000000000E-05    0.131064402842423E+01
    0.719225511300999E+00    0.100000000000000E-05    0.131632619965334E+01
    0.708877995006520E+00    0.100000000000000E-05    0.132192737629400E+01
    0.698486860890342E+00    0.100000000000000E-05    0.132744721370138E+01
    0.688052748327136E+00    0.100000000000000E-05    0.133288537223554E+01
    0.677576299336071E+00    0.100000000000000E-05    0.133824151728230E+01
    0.667058158541310E+00    0.100000000000000E-05    0.134351531927384E+01
    0.656498973132346E+00    0.100000000000000E-05    0.134870645370895E+01
    0.645899392824177E+00    0.100000000000000E-05    0.135381460117306E+01
    0.635260069817337E+00    0.100000000000000E-05    0.135883944735781E+01
    0.624581658757751E+00    0.100000000000000E-05    0.136378068308046E+01
    0.613864816696471E+00    0.100000000000000E-05    0.136863800430289E+01
    0.603110203049230E+00    0.100000000000000E-05    0.137341111215030E+01
    0.592318479555887E+00    0.100000000000000E-05    0.137809971292958E+01
    0.581490310239690E+00    0.100000000000000E-05    0.138270351814745E+01
    0.570626361366431E+00    0.100000000000000E-05    0.138722224452815E+01
    0.559727301403448E+00    0.100000000000000E-05    0.139165561403086E+01
    0.548793800978488E+00    0.100000000000000E-05    0.139600335386688E+01
    0.537826532838449E+00    0.100000000000000E-05    0.140026519651635E+01
    0.526826171807983E+00    0.100000000000000E-05    0.140444087974473E+01
    0.515793394747977E+00    0.100000000000000E-05    0.140853014661893E+01
    0.504728880513892E+00    0.100000000000000E-05    0.141253274552316E+01
    0.493633309914016E+00    0.100000000000000E-05    0.141644843017433E+01
    0.482507365667545E+00    0.100000000000000E-05    0.142027695963730E+01
    0.471351732362604E+00    0.100000000000000E-05    0.142401809833961E+01
    0.460167096414096E+00    0.100000000000000E-05    0.142767161608607E+01
    0.448954146021489E+00    0.100000000000000E-05    0.143123728807285E+01
    0.437713571126456E+00    0.100000000000000E-05    0.143471489490133E+01
    0.426446063370431E+00    0.100000000000000E-05    0.143810422259163E+01
    0.415152316052044E+00    0.100000000000000E-05    0.144140506259574E+01
    0.403833024084469E+00    0.100000000000000E-05    0.144461721181038E+01
    0.392488883952661E+00    0.100000000000000E-05    0.144774047258947E+01
    0.381120593670503E+00    0.100000000000000E-05    0.145077465275633E+01
    0.369728852737857E+00    0.100000000000000E-05    0.145371956561544E+01
    0.358314362097516E+00    0.100000000000000E-05    0.145657502996401E+01
    0.346877824092091E+00    0.100000000000000E-05    0.145934087010305E+01
    0.335419942420772E+00    0.100000000000000E-05    0.146201691584826E+01
    0.323941422096054E+00    0.100000000000000E-05    0.146460300254041E+01
    0.312442969400335E+00    0.100000000000000E-05    0.146709897105557E+01
    0.300925291842473E+00    0.100000000000000E-05    0.146950466781481E+01
    0.289389098114245E+00    0.100000000000000E-05    0.147181994479373E+01
    0.277835098046743E+00    0.100000000000000E-05    0.147404465953151E+01
    0.266264002566696E+00    0.100000000000000E-05    0.147617867513969E+01
    0.254676523652727E+00    0.100000000000000E-05    0.147822186031061E+01
    0.243073374291550E+00    0.100000000000000E-05    0.148017408932548E+01
    0.231455268434084E+00    0.100000000000000E-05    0.148203524206211E+01
    0.219822920951544E+00    0.100000000000000E-05    0.148380520400231E+01
    0.208177047591433E+00    0.100000000000000E-05    0.148548386623891E+01
    0.196518364933521E+00    0.100000000000000E-05    0.148707112548252E+01
    0.184847590345738E+00    0.100000000000000E-05    0.148856688406782E+01
    0.173165441940043E+00    0.100000000000000E-05    0.148997104995960E+01
    0.161472638528234E+00    0.100000000000000E-05    0.149128353675843E+01
    0.149769899577719E+00    0.100000000000000E-05    0.149250426370596E+01
    0.138057945167250E+00    0.100000000000000E-05    0.149363315568991E+01
    0.126337495942610E+00    0.100000000000000E-05    0.149467014324865E+01
    0.114609273072281E+00    0.100000000000000E-05    0.149561516257553E+01
    0.102873998203054E+00    0.100000000000000E-05    0.149646815552277E+01
    0.911323934156444E-01    0.100000000000000E-05    0.149722906960503E+01
    0.793851811802443E-01    0.100000000000000E-05    0.149789785800267E+01
    0.676330843120853E-01    0.100000000000000E-05    0.149847447956461E+01
    0.558768259269443E-01    0.100000000000000E-05    0.149895889881088E+01
    0.441171293966689E-01    0.100000000000000E-05    0.149935108593478E+01
    0.323547183046530E-01    0.100000000000000E-05    0.149965101680472E+01
    0.205903164013211E-01    0.100000000000000E-05    0.149985867296572E+01
    0.882464755959372E-02    0.100000000000000E-05    0.149997404164054E+01
   -0.294156426965266E-02    0.100000000000000E-05    0.149999711573044E+01
   -0.147075951021313E-01    0.100000000000000E-05    0.149992789381567E+01
   -0.264727209646935E-01    0.100000000000000E-05    0.149976638015550E+01
   -0.382362179398690E-01    0.100000000000000E-05    0.149951258468799E+01
   -0.499973622104234E-01    0.100000000000000E-05    0.149916652302938E+01
   -0.617554301038754E-01    0.100000000000000E-05    0.149872821647312E+01
   -0.735096981370463E-01    0.100000000000000E-05    0.149819769198854E+01
   -0.852594430605566E-01    0.100000000000000E-05    0.149757498221926E+01
   -0.970039419033424E-01    0.100000000000000E-05    0.149686012548107E+01
   -0.108742472017134E+00    0.100000000000000E-05    0.149605316575969E+01
   -0.120474311120923E+00    0.100000000000000E-05    0.149515415270799E+01
   -0.132198737345402E+00    0.100000000000000E-05    0.149416314164293E+01
   -0.143915029277387E+00    0.100000000000000E-05    0.149308019354223E+01
   -0.155622466004203E+00    0.100000000000000E-05    0.149190537504051E+01
   -0.167320327158036E+00    0.100000000000000E-05    0.149063875842530E+01
   -0.179007892960277E+00    0.100000000000000E-05    0.148928042163252E+01
   -0.190684444265785E+00    0.100000000000000E-05    0.148783044824168E+01
   -0.202349262607162E+00    0.100000000000000E-05    0.148628892747081E+01
   -0.214001630238939E+00    0.100000000000000E-05    0.148465595417089E+01
   -0.225640830181752E+00    0.100000000000000E-05    0.148293162882005E+01
   -0.237266146266456E+00    0.100000000000000E-05    0.148111605751739E+01
   -0.248876863178191E+00    0.100000000000000E-05    0.147920935197645E+01
   -0.260472266500395E+00    0.100000000000000E-05    0.147721162951831E+01
   -0.272051642758763E+00    0.100000000000000E-05    0.147512301306442E+01
   -0.283614279465150E+00    0.100000000000000E-05    0.147294363112899E+01
   -0.295159465161402E+00    0.100000000000000E-05    0.147067361781112E+01
   -0.306686489463151E+00    0.100000000000000E-05    0.146831311278650E+01
   -0.318194643103500E+00    0.100000000000000E-05    0.146586226129887E+01
   -0.329683217976693E+00    0.100000000000000E-05    0.146332121415106E+01
   -0.341151507181660E+00    0.100000000000000E-05    0.146069012769570E+01
   -0.352598805065528E+00    0.100000000000000E-05    0.145796916382561E+01
   -0.364024407267037E+00    0.100000000000000E-05    0.145515848996385E+01
   -0.375427610759880E+00    0.100000000000000E-05    0.145225827905339E+01
   -0.386807713895958E+00    0.100000000000000E-05    0.144926870954650E+01
   -0.398164016448557E+00    0.100000000000000E-05    0.144618996539374E+01
   -0.409495819655431E+00    0.100000000000000E-05    0.144302223603267E+01
   -0.420802426261798E+00    0.100000000000000E-05    0.143976571637617E+01
   -0.432083140563245E+00    0.100000000000000E-05    0.143642060680046E+01
   -0.443337268448525E+00    0.100000000000000E-05    0.143298711313277E+01
   -0.454564117442286E+00    0.100000000000000E-05    0.142946544663868E+01
   -0.465762996747658E+00    0.100000000000000E-05    0.142585582400909E+01
   -0.476933217288773E+00    0.100000000000000E-05    0.142215846734693E+01
   -0.488074091753156E+00    0.100000000000000E-05    0.141837360415348E+01
   -0.499184934634023E+00    0.100000000000000E-05    0.141450146731434E+01
   -0.510265062272455E+00    0.100000000000000E-05    0.141054229508515E+01
   -0.521313792899465E+00    0.100000000000000E-05    0.140649633107690E+01
   -0.532330446677951E+00    0.100000000000000E-05    0.140236382424093E+01
   -0.543314345744523E+00    0.100000000000000E-05    0.139814502885366E+01
   -0.554264814251217E+00    0.100000000000000E-05    0.139384020450088E+01
   -0.565181178407072E+00    0.100000000000000E-05    0.138944961606184E+01
   -0.576062766519602E+00    0.100000000000000E-05    0.138497353369289E+01
   -0.586908909036112E+00    0.100000000000000E-05    0.138041223281092E+01
   -0.597718938584908E+00    0.100000000000000E-05    0.137576599407637E+01
   -0.608492190016349E+00    0.100000000000000E-05    0.137103510337595E+01
   -0.619228000443787E+00    0.100000000000000E-05    0.136621985180511E+01
   -0.629925709284343E+00    0.100000000000000E-05    0.136132053565008E+01
   -0.640584658299565E+00    0.100000000000000E-05    0.135633745636963E+01
   -0.651204191635914E+00    0.100000000000000E-05    0.135127092057656E+01
   -0.661783655865139E+00    0.100000000000000E-05    0.134612124001881E+01
   -0.672322400024467E+00    0.100000000000000E-05    0.134088873156028E+01
   -0.682819775656666E+00    0.100000000000000E-05    0.133557371716135E+01
   -0.693275136849938E+00    0.100000000000000E-05    0.133017652385903E+01
   -0.703687840277668E+00    0.100000000000000E-05    0.132469748374689E+01
   -0.714057245238012E+00    0.100000000000000E-05    0.131913693395458E+01
   -0.724382713693307E+00    0.100000000000000E-05    0.131349521662712E+01
   -0.734663610309342E+00    0.100000000000000E-05    0.130777267890381E+01
   -0.744899302494447E+00    0.100000000000000E-05    0.130196967289691E+01
   -0.755089160438416E+00    0.100000000000000E-05    0.129608655566996E+01
   -0.765232557151256E+00    0.100000000000000E-05    0.129012368921579E+01
   -0.775328868501775E+00    0.100000000000000E-05    0.128408144043427E+01
   -0.785377473255979E+00    0.100000000000000E-05    0.127796018110975E+01
   -0.795377753115299E+00    0.100000000000000E-05    0.127176028788811E+01
   -0.805329092754631E+00    0.100000000000000E-05    0.126548214225370E+01
   -0.815230879860206E+00    0.100000000000000E-05    0.125912613050574E+01
   -0.825082505167262E+00    0.100000000000000E-05    0.125269264373465E+01
   -0.834883362497527E+00    0.100000000000000E-05    0.124618207779795E+01
   -0.844632848796525E+00    0.100000000000000E-05    0.123959483329589E+01
   -0.854330364170683E+00    0.100000000000000E-05    0.123293131554681E+01
   -0.863975311924236E+00    0.100000000000000E-05    0.122619193456221E+01
   -0.873567098595947E+00    0.100000000000000E-05    0.121937710502152E+01
   -0.883105133995623E+00    0.100000000000000E-05    0.121248724624656E+01
   -0.892588831240430E+00    0.100000000000000E-05    0.120552278217578E+01
   -0.902017606791003E+00    0.100000000000000E-05    0.119848414133815E+01
   -0.911390880487349E+00    0.100000000000000E-05    0.119137175682677E+01
   -0.920708075584550E+00    0.100000000000000E-05    0.118418606627227E+01
   -0.929968618788254E+00    0.100000000000000E-05    0.117692751181586E+01
   -0.939171940289934E+00    0.100000000000000E-05    0.116959654008211E+01
   -0.948317473801967E+00    0.100000000000000E-05    0.116219360215149E+01
   -0.957404656592469E+00    0.100000000000000E-05    0.115471915353261E+01
   -0.966432929519921E+00    0.100000000000000E-05    0.114717365413417E+01
   -0.975401737067572E+00    0.100000000000000E-05    0.113955756823671E+01
   -0.984310527377628E+00    0.100000000000000E-05    0.113187136446399E+01
   -0.993158752285200E+00    0.100000000000000E-05    0.112411551575419E+01
   -0.100194586735204E+01    0.100000000000000E-05    0.111629049933079E+01
   -0.101067133190002E+01    0.100000000000000E-05    0.110839679667321E+01
   -0.101933460904444E+01    0.100000000000000E-05    0.110043489348721E+01
   -0.102793516572704E+01    0.100000000000000E-05    0.109240527967496E+01
   -0.103647247274876E+01    0.100000000000000E-05    0.108430844930493E+01
   -0.104494600480240E+01    0.100000000000000E-05    0.107614490058147E+01
   -0.105335524050484E+01    0.100000000000000E-05    0.106791513581417E+01
   -0.106169966242918E+01    0.100000000000000E-05    0.105961966138693E+01
   -0.106997875713657E+01    0.100000000000000E-05    0.105125898772685E+01
   -0.107819201520778E+01    0.100000000000000E-05    0.104283362927275E+01
   -0.108633893127457E+01    0.100000000000000E-05    0.103434410444359E+01
   -0.109441900405078E+01    0.100000000000000E-05    0.102579093560652E+01
   -0.110243173636316E+01    0.100000000000000E-05    0.101717464904475E+01
   -0.111037663518197E+01    0.100000000000000E-05    0.100849577492519E+01
   -0.111825321165134E+01    0.100000000000000E-05    0.999754847265805E+00
   -0.112606098111929E+01    0.100000000000000E-05    0.990952403902761E+00
   -0.113379946316763E+01    0.100000000000000E-05    0.982088986457335E+00
   -0.114146818164145E+01    0.100000000000000E-05    0.973165140302590E+00
   -0.114906666467847E+01    0.100000000000000E-05    0.964181414529808E+00
   -0.115659444473803E+01    0.100000000000000E-05    0.955138361914722E+00
   -0.116405105862989E+01    0.100000000000000E-05    0.946036538883482E+00
   -0.117143604754272E+01    0.100000000000000E-05    0.936876505478432E+00
   -0.117874895707235E+01    0.100000000000000E-05    0.927658825323650E+00
   -0.118598933724967E+01    0.100000000000000E-05    0.918384065590258E+00
   -0.119315674256839E+01    0.100000000000000E-05    0.909052796961531E+00
   -0.120025073201242E+01    0.100000000000000E-05    0.899665593597783E+00
   -0.120727086908299E+01    0.100000000000000E-05    0.890223033101034E+00
   -0.121421672182553E+01    0.100000000000000E-05    0.880725696479475E+00
   -0.122108786285626E+01    0.100000000000000E-05    0.871174168111713E+00
   -0.122788386938845E+01    0.100000000000000E-05    0.861569035710812E+00
   -0.123460432325845E+01    0.100000000000000E-05    0.851910890288143E+00
   -0.124124881095146E+01    0.100000000000000E-05    0.842200326117004E+00
   -0.124781692362690E+01    0.100000000000000E-05    0.832437940696060E+00
   -0.125430825714363E+01    0.100000000000000E-05    0.822624334712582E+00
   -0.126072241208477E+01    0.100000000000000E-05    0.812760112005480E+00
   -0.126705899378232E+01    0.100000000000000E-05    0.802845879528150E+00
   -0.127331761234142E+01    0.100000000000000E-05    0.792882247311128E+00
   -0.127949788266433E+01    0.100000000000000E-05    0.782869828424560E+00
   -0.128559942447414E+01    0.100000000000000E-05    0.772809238940470E+00
   -0.129162186233819E+01    0.100000000000000E-05    0.762701097894858E+00
   -0.129756482569112E+01    0.100000000000000E-05    0.752546027249606E+00
   -0.130342794885772E+01    0.100000000000000E-05    0.742344651854217E+00
   -0.130921087107539E+01    0.100000000000000E-05    0.732097599407358E+00
   -0.131491323651638E+01    0.100000000000000E-05    0.721805500418240E+00
   -0.132053469430964E+01    0.100000000000000E-05    0.711468988167828E+00
   -0.132607489856244E+01    0.100000000000000E-05    0.701088698669867E+00
   -0.133153350838166E+01    0.100000000000000E-05    0.690665270631747E+00
   -0.133691018789473E+01    0.100000000000000E-05    0.680199345415211E+00
   -0.134220460627032E+01    0.100000000000000E-05    0.669691566996889E+00
   -0.134741643773869E+01    0.100000000000000E-05    0.659142581928665E+00
   -0.135254536161175E+01    0.100000000000000E-05    0.648553039297906E+00
   -0.135759106230277E+01    0.100000000000000E-05    0.637923590687512E+00
   -0.136255322934580E+01    0.100000000000000E-05    0.627254890135837E+00
   -0.136743155741481E+01    0.100000000000000E-05    0.616547594096433E+00
   -0.137222574634242E+01    0.100000000000000E-05    0.605802361397662E+00
   -0.137693550113841E+01    0.100000000000000E-05    0.595019853202162E+00
   -0.138156053200784E+01    0.100000000000000E-05    0.584200732966162E+00
   -0.138610055436894E+01    0.100000000000000E-05    0.573345666398652E+00
   -0.139055528887054E+01    0.100000000000000E-05    0.562455321420434E+00
   -0.139492446140932E+01    0.100000000000000E-05    0.551530368123019E+00
   -0.139920780314665E+01    0.100000000000000E-05    0.540571478727393E+00
   -0.140340505052514E+01    0.100000000000000E-05    0.529579327542657E+00
   -0.140751594528484E+01    0.100000000000000E-05    0.518554590924535E+00
   -0.141154023447917E+01    0.100000000000000E-05    0.507497947233761E+00
   -0.141547767049044E+01    0.100000000000000E-05    0.496410076794335E+00
   -0.141932801104510E+01    0.100000000000000E-05    0.485291661851661E+00
   -0.142309101922868E+01    0.100000000000000E-05    0.474143386530577E+00
   -0.142676646350030E+01    0.100000000000000E-05    0.462965936793249E+00
   -0.143035411770699E+01    0.100000000000000E-05    0.451760000396966E+00
   -0.143385376109755E+01    0.100000000000000E-05    0.440526266851825E+00
   -0.143726517833618E+01    0.100000000000000E-05    0.429265427378307E+00
   -0.144058815951567E+01    0.100000000000000E-05    0.417978174864738E+00
   -0.144382250017038E+01    0.100000000000000E-05    0.406665203824663E+00
   -0.144696800128878E+01    0.100000000000000E-05    0.395327210354101E+00
   -0.145002446932570E+01    0.100000000000000E-05    0.383964892088731E+00
   -0.145299171621427E+01    0.100000000000000E-05    0.372578948160947E+00
   -0.145586955937743E+01    0.100000000000000E-05    0.361170079156852E+00
   -0.145865782173923E+01    0.100000000000000E-05    0.349738987073150E+00
   -0.146135633173570E+01    0.100000000000000E-05    0.338286375273946E+00
   -0.146396492332538E+01    0.100000000000000E-05    0.326812948447466E+00
   -0.146648343599957E+01    0.100000000000000E-05    0.315319412562706E+00
   -0.146891171479222E+01    0.100000000000000E-05    0.303806474825989E+00
   -0.147124961028940E+01    0.100000000000000E-05    0.292274843637447E+00
   -0.147349697863857E+01    0.100000000000000E-05    0.280725228547434E+00
   -0.147565368155738E+01    0.100000000000000E-05    0.269158340212868E+00
   -0.147771958634221E+01    0.100000000000000E-05    0.257574890353505E+00
   -0.147969456587629E+01    0.100000000000000E-05    0.245975591708145E+00
   -0.148157849863759E+01    0.100000000000000E-05    0.234361157990772E+00
   -0.148337126870624E+01    0.100000000000000E-05    0.222732303846649E+00
   -0.148507276577168E+01    0.100000000000000E-05    0.211089744808336E+00
   -0.148668288513946E+01    0.100000000000000E-05    0.199434197251665E+00
   -0.148820152773766E+01    0.100000000000000E-05    0.187766378351661E+00
   -0.148962860012301E+01    0.100000000000000E-05    0.176087006038420E+00
   -0.149096401448661E+01    0.100000000000000E-05    0.164396798952923E+00
   -0.149220768865938E+01    0.100000000000000E-05    0.152696476402827E+00
   -0.149335954611705E+01    0.100000000000000E-05    0.140986758318196E+00
   -0.149441951598494E+01    0.100000000000000E-05    0.129268365207214E+00
   -0.149538753304225E+01    0.100000000000000E-05    0.117542018111845E+00
   -0.149626353772615E+01    0.100000000000000E-05    0.105808438563466E+00
   -0.149704747613536E+01    0.100000000000000E-05    0.940683485384749E-01
   -0.149773930003354E+01    0.100000000000000E-05    0.823224704138648E-01
   -0.149833896685222E+01    0.100000000000000E-05    0.705715269227705E-01
   -0.149884643969344E+01    0.100000000000000E-05    0.588162411100058E-01
   -0.149926168733197E+01    0.100000000000000E-05    0.470573362875740E-01
   -0.149958468421732E+01    0.100000000000000E-05    0.352955359901558E-01
   -0.149981541047523E+01    0.100000000000000E-05    0.235315639305905E-01
   -0.149995385190893E+01    0.100000000000000E-05    0.117661439553499E-01
